place(12.243, 1.000, -10.421, "Cowboy", 600)
upgrade(12.243, 2.350, -10.421, 150)
upgrade(12.243, 2.350, -10.421, 600)
place(12.276, 1.000, -7.405, "Cowboy", 600)
upgrade(12.276, 2.350, -7.405, 150)
upgrade(12.276, 2.350, -7.405, 600)
place(12.222, 1.000, -4.325, "Cowboy", 600)
upgrade(12.222, 2.350, -4.325, 150)
upgrade(12.222, 2.350, -4.325, 600)
place(9.642, 1.000, -5.936, "Cowboy", 600)
upgrade(9.642, 2.350, -5.936, 150)
upgrade(9.642, 2.350, -5.936, 600)
place(9.569, 1.000, -8.976, "Cowboy", 600)
upgrade(9.569, 2.350, -8.976, 150)
upgrade(9.569, 2.350, -8.976, 600)
place(9.552, 1.000, -2.926, "Cowboy", 600)
upgrade(9.552, 2.350, -2.926, 150)
upgrade(9.552, 2.350, -2.926, 600)
place(12.140, 1.000, -1.291, "Cowboy", 600)
upgrade(12.140, 2.350, -1.291, 150)
upgrade(12.140, 2.350, -1.291, 600)
place(9.365, 1.000, 0.082, "Cowboy", 600)
upgrade(9.365, 2.350, 0.082, 150)
upgrade(9.365, 2.350, 0.082, 600)
place(11.959, 1.000, 1.724, "Cowboy", 600)
upgrade(11.959, 2.350, 1.724, 150)
upgrade(11.959, 2.350, 1.724, 600)
place(9.218, 1.000, 3.134, "Cowboy", 600)
upgrade(9.218, 2.350, 3.134, 150)
upgrade(9.218, 2.350, 3.134, 600)
upgrade(9.365, 2.350, 0.082, 1750)
upgrade(9.552, 2.350, -2.926, 1750)
upgrade(12.222, 2.350, -4.325, 1750)
upgrade(9.552, 2.350, -2.926, 4750)
upgrade(9.365, 2.350, 0.082, 4750)
upgrade(12.222, 2.350, -4.325, 4750)
upgrade(12.140, 2.350, -1.291, 1750)
upgrade(12.140, 2.350, -1.291, 4750)
upgrade(11.959, 2.350, 1.724, 1750)
upgrade(11.959, 2.350, 1.724, 4750)
upgrade(9.218, 2.350, 3.134, 1750)
upgrade(9.218, 2.350, 3.134, 4750)
upgrade(9.642, 2.350, -5.936, 1750)
upgrade(9.642, 2.350, -5.936, 4750)
upgrade(12.276, 2.350, -7.405, 1750)
upgrade(12.276, 2.350, -7.405, 4750)
upgrade(12.243, 2.350, -10.421, 1750)
upgrade(12.243, 2.350, -10.421, 4750)
upgrade(9.569, 2.350, -8.976, 1750)
upgrade(9.569, 2.350, -8.976, 4750)
place(1.736, 3.664, 4.216, "Spotlight Tech", 5676)
upgrade(2.615, 5.037, 4.216, 3151)
upgrade(2.615, 5.037, 4.216, 5077)
SetTarget(2.615, 5.037, 4.216, "Last")
SetTarget(2.615, 5.037, 4.216, "Strongest")
SetTarget(2.615, 5.037, 4.216, "Weakest")
SetTarget(2.615, 5.037, 4.216, "Closest")
SetTarget(2.615, 5.037, 4.216, "Farthest")
SetTarget(2.615, 5.037, 4.216, "Random")
upgrade(2.615, 5.037, 4.216, 12860)
upgrade(2.615, 5.037, 4.216, 19667)
place(3.806, 1.000, 1.383, "Engineer", 600)
upgrade(3.806, 2.350, 1.383, 350)
upgrade(3.806, 2.350, 1.383, 550)
upgrade(3.806, 2.350, 1.383, 2250)
upgrade(3.806, 2.350, 1.383, 4750)
upgrade(3.806, 2.350, 1.383, 13500)
upgrade(3.806, 2.350, 1.383, 35000)
place(3.818, 1.000, -1.630, "Engineer", 600)
upgrade(3.818, 2.350, -1.630, 350)
upgrade(3.818, 2.350, -1.630, 550)
upgrade(3.818, 2.350, -1.630, 2250)
upgrade(3.818, 2.350, -1.630, 4750)
upgrade(3.818, 2.350, -1.630, 13500)
upgrade(3.818, 2.350, -1.630, 35000)
place(3.847, 1.000, -4.658, "Engineer", 600)
upgrade(3.847, 2.350, -4.658, 350)
upgrade(3.847, 2.350, -4.658, 550)
upgrade(3.847, 2.350, -4.658, 2250)
upgrade(3.847, 2.350, -4.658, 4750)
upgrade(3.847, 2.350, -4.658, 13500)
upgrade(3.847, 2.350, -4.658, 35000)
place(1.209, 1.000, -3.155, "Engineer", 600)
upgrade(1.209, 2.350, -3.155, 350)
upgrade(1.209, 2.350, -3.155, 550)
upgrade(1.209, 2.350, -3.155, 2250)
upgrade(1.209, 2.350, -3.155, 4750)
upgrade(1.209, 2.350, -3.155, 13500)
upgrade(1.209, 2.350, -3.155, 35000)
place(1.137, 1.000, -0.011, "Engineer", 600)
upgrade(1.137, 2.350, -0.011, 350)
upgrade(1.137, 2.350, -0.011, 550)
upgrade(1.137, 2.350, -0.011, 2250)
upgrade(1.137, 2.350, -0.011, 4750)
upgrade(1.137, 2.350, -0.011, 13500)
upgrade(1.137, 2.350, -0.011, 35000)
place(1.157, 1.000, -6.248, "Engineer", 600)
upgrade(1.157, 2.350, -6.248, 350)
upgrade(1.157, 2.350, -6.248, 550)
upgrade(1.157, 2.350, -6.248, 2250)
upgrade(1.157, 2.350, -6.248, 4750)
upgrade(1.157, 2.350, -6.248, 13500)
upgrade(1.157, 2.350, -6.248, 35000)
place(-1.680, 3.664, 2.957, "Ranger", 4500)
place(2.268, 4.686, 6.185, "Ranger", 4500)
place(0.911, 4.686, 9.308, "Ranger", 4500)
place(-1.019, 4.686, 6.938, "Ranger", 4500)
place(-2.321, 3.664, 5.450, "Ranger", 4500)
place(-2.204, 3.664, 4.846, "Ranger", 4500)
place(-2.094, 3.664, 4.061, "Ranger", 4500)
place(-9.225, 3.164, -9.857, "Ranger", 4500)
place(-11.756, 3.164, -8.210, "Ranger", 4500)
place(-10.525, 3.164, -12.595, "Ranger", 4500)
place(-13.155, 3.164, -11.065, "Ranger", 4500)
place(9.947, 3.196, -13.011, "Ranger", 4500)
upgrade(-9.225, 4.514, -9.857, 1500)
upgrade(-9.225, 4.514, -9.857, 4500)
upgrade(-9.225, 4.514, -9.857, 13500)
upgrade(-11.756, 4.514, -8.210, 1500)
upgrade(-11.756, 4.514, -8.210, 4500)
upgrade(-11.756, 4.514, -8.210, 13500)
upgrade(-2.094, 5.014, 4.061, 1500)
upgrade(-2.094, 5.014, 4.061, 4500)
upgrade(-2.094, 5.014, 4.061, 13500)
upgrade(-1.019, 6.036, 6.938, 1500)
upgrade(-1.019, 6.036, 6.938, 4500)
upgrade(-1.019, 6.036, 6.938, 13500)
upgrade(-10.525, 4.514, -12.595, 1500)
upgrade(-10.525, 4.514, -12.595, 4500)
upgrade(-10.525, 4.514, -12.595, 13500)
upgrade(-13.155, 4.514, -11.065, 1500)
upgrade(-13.155, 4.514, -11.065, 4500)
upgrade(-13.155, 4.514, -11.065, 13500)
upgrade(0.911, 6.036, 9.308, 1500)
upgrade(0.911, 6.036, 9.308, 4500)
upgrade(0.911, 6.036, 9.308, 13500)
upgrade(-2.094, 5.014, 4.061, 30000)
upgrade(-9.225, 4.514, -9.857, 30000)
upgrade(-11.756, 4.514, -8.210, 30000)
upgrade(-1.019, 6.036, 6.938, 30000)
upgrade(-13.155, 4.514, -11.065, 30000)
upgrade(-10.525, 4.514, -12.595, 30000)
upgrade(0.911, 6.036, 9.308, 30000)
place(-1.453, 1.000, -1.756, "Accelerator", 4500)
upgrade(-1.453, 2.350, -1.756, 1000)
upgrade(-1.453, 2.350, -1.756, 2500)
upgrade(-1.453, 2.350, -1.756, 4750)
upgrade(-1.453, 2.350, -1.756, 11250)
upgrade(-1.453, 2.350, -1.756, 36000)
place(-1.487, 1.000, -4.801, "Accelerator", 4500)
upgrade(-1.487, 2.350, -4.801, 1000)
upgrade(-1.487, 2.350, -4.801, 2500)
upgrade(-1.487, 2.350, -4.801, 4750)
upgrade(-1.487, 2.350, -4.801, 11250)
upgrade(-1.487, 2.350, -4.801, 36000)
place(-1.688, 1.000, 1.274, "Accelerator", 4500)
upgrade(-1.688, 2.350, 1.274, 1000)
upgrade(-1.688, 2.350, 1.274, 2500)
upgrade(-1.688, 2.350, 1.274, 4750)
upgrade(-1.688, 2.350, 1.274, 11250)
upgrade(-1.688, 2.350, 1.274, 36000)
place(-1.475, 1.000, -7.836, "Accelerator", 4500)
upgrade(-1.475, 2.350, -7.836, 1000)
upgrade(-1.475, 2.350, -7.836, 2500)
upgrade(-1.475, 2.350, -7.836, 4750)
upgrade(-1.475, 2.350, -7.836, 11250)
upgrade(-1.475, 2.350, -7.836, 36000)
place(-8.069, 1.000, -4.839, "Accelerator", 4500)
upgrade(-8.069, 2.350, -4.839, 1000)
upgrade(-8.069, 2.350, -4.839, 2500)
upgrade(-8.069, 2.350, -4.839, 4750)
upgrade(-8.069, 2.350, -4.839, 11250)
upgrade(-8.069, 2.350, -4.839, 36000)
place(-8.070, 1.000, -1.800, "Accelerator", 4500)
upgrade(-8.070, 2.350, -1.800, 1000)
upgrade(-8.070, 2.350, -1.800, 2500)
upgrade(-8.070, 2.350, -1.800, 4750)
upgrade(-8.070, 2.350, -1.800, 11250)
upgrade(-8.070, 2.350, -1.800, 36000)
upgrade(-8.069, 2.350, -4.839, 46200)
place(-8.078, 1.000, 1.276, "Accelerator", 4500)
upgrade(-8.078, 2.350, 1.276, 1000)
upgrade(-8.078, 2.350, 1.276, 2500)
upgrade(-8.078, 2.350, 1.276, 4750)
upgrade(-8.078, 2.350, 1.276, 11250)
upgrade(-8.078, 2.350, 1.276, 36000)
place(-2.988, 1.000, -10.456, "Accelerator", 4500)
upgrade(-2.988, 2.350, -10.456, 1000)
upgrade(-2.988, 2.350, -10.456, 2500)
upgrade(-2.988, 2.350, -10.456, 4750)
upgrade(-2.988, 2.350, -10.456, 11250)
upgrade(-2.988, 2.350, -10.456, 36000)
upgrade(-2.988, 2.350, -10.456, 36474)
upgrade(9.218, 2.350, 3.134, 9500)
upgrade(9.365, 2.350, 0.082, 9500)
upgrade(9.552, 2.350, -2.926, 9500)
upgrade(9.642, 2.350, -5.936, 9500)
upgrade(9.569, 2.350, -8.976, 9500)
upgrade(12.276, 2.350, -7.405, 9500)
upgrade(12.243, 2.350, -10.421, 9500)
upgrade(12.222, 2.350, -4.325, 9500)
upgrade(12.140, 2.350, -1.291, 9500)
upgrade(11.959, 2.350, 1.724, 9500)
SetTarget(2.615, 5.037, 4.216, "First")
SetTarget(2.615, 5.037, 4.216, "Last")
SetTarget(2.615, 5.037, 4.216, "First")
SetTarget(2.615, 5.037, 4.216, "Random")
sell(9.218, 2.350, 3.134)
sell(9.365, 2.350, 0.082)
sell(9.552, 2.350, -2.926)
place(-8.209, 1.000, 8.765, "Cowboy", 600)
upgrade(-8.209, 2.350, 8.765, 150)
upgrade(-8.209, 2.350, 8.765, 600)
upgrade(-8.209, 2.350, 8.765, 1750)
upgrade(-8.209, 2.350, 8.765, 4750)
upgrade(-8.209, 2.350, 8.765, 9500)
place(-8.106, 1.000, 5.516, "Cowboy", 600)
upgrade(-8.106, 2.350, 5.516, 150)
upgrade(-8.106, 2.350, 5.516, 600)
upgrade(-8.106, 2.350, 5.516, 1750)
upgrade(-8.106, 2.350, 5.516, 4750)
upgrade(-8.106, 2.350, 5.516, 9500)
place(-7.502, 1.000, 11.795, "Cowboy", 600)
upgrade(-7.502, 2.350, 11.795, 150)
upgrade(-7.502, 2.350, 11.795, 600)
upgrade(-7.502, 2.350, 11.795, 1750)
upgrade(-7.502, 2.350, 11.795, 4750)
upgrade(-7.502, 2.350, 11.795, 9500)
upgrade(-7.502, 2.350, 11.795, 518541)
upgrade(-7.502, 2.350, 11.795, 511549)
sell(9.642, 2.350, -5.936)
sell(9.569, 2.350, -8.976)
sell(12.243, 2.350, -10.421)
sell(12.276, 2.350, -7.405)
sell(12.222, 2.350, -4.325)
sell(12.140, 2.350, -1.291)
sell(11.959, 2.350, 1.724)
place(-10.816, 1.000, 6.978, "Cowboy", 600)
upgrade(-10.816, 2.350, 6.978, 150)
upgrade(-10.816, 2.350, 6.978, 600)
upgrade(-10.816, 2.350, 6.978, 1750)
upgrade(-10.816, 2.350, 6.978, 4750)
upgrade(-10.816, 2.350, 6.978, 9500)
place(-11.033, 1.000, 10.169, "Cowboy", 600)
upgrade(-11.033, 2.350, 10.169, 150)
upgrade(-11.033, 2.350, 10.169, 600)
upgrade(-11.033, 2.350, 10.169, 1750)
upgrade(-11.033, 2.350, 10.169, 4750)
upgrade(-11.033, 2.350, 10.169, 9500)
place(-13.513, 1.000, 8.397, "Cowboy", 600)
upgrade(-13.513, 2.350, 8.397, 150)
upgrade(-13.513, 2.350, 8.397, 600)
upgrade(-13.513, 2.350, 8.397, 1750)
upgrade(-13.513, 2.350, 8.397, 4750)
upgrade(-13.513, 2.350, 8.397, 9500)
place(-13.513, 1.000, 5.357, "Cowboy", 600)
upgrade(-13.513, 2.350, 5.357, 150)
upgrade(-13.513, 2.350, 5.357, 600)
upgrade(-13.513, 2.350, 5.357, 1750)
upgrade(-13.513, 2.350, 5.357, 4750)
upgrade(-13.513, 2.350, 5.357, 9500)
place(-10.756, 1.000, 3.901, "Cowboy", 600)
upgrade(-10.756, 2.350, 3.901, 150)
upgrade(-10.756, 2.350, 3.901, 600)
upgrade(-10.756, 2.350, 3.901, 1750)
upgrade(-10.756, 2.350, 3.901, 4750)
upgrade(-10.756, 2.350, 3.901, 9500)
place(-13.476, 1.000, 2.269, "Cowboy", 600)
upgrade(-13.476, 2.350, 2.269, 150)
upgrade(-13.476, 2.350, 2.269, 600)
upgrade(-13.476, 2.350, 2.269, 1750)
upgrade(-13.476, 2.350, 2.269, 4750)
upgrade(-13.476, 2.350, 2.269, 9500)
sell(-7.502, 2.350, 11.795)
place(-14.788, 1.000, -7.622, "Cowboy", 600)
upgrade(-14.788, 2.350, -7.622, 150)
upgrade(-14.788, 2.350, -7.622, 600)
upgrade(-14.788, 2.350, -7.622, 1750)
upgrade(-14.788, 2.350, -7.622, 4750)
upgrade(-14.788, 2.350, -7.622, 9500)
sell(-11.033, 2.350, 10.169)
place(-14.902, 1.000, -4.452, "Cowboy", 600)
upgrade(-14.902, 2.350, -4.452, 150)
upgrade(-14.902, 2.350, -4.452, 600)
upgrade(-14.902, 2.350, -4.452, 1750)
upgrade(-14.902, 2.350, -4.452, 4750)
upgrade(-14.902, 2.350, -4.452, 9500)
sell(-13.513, 2.350, 8.397)
place(-14.849, 1.000, -1.425, "Cowboy", 600)
upgrade(-14.849, 2.350, -1.425, 150)
upgrade(-14.849, 2.350, -1.425, 600)
upgrade(-14.849, 2.350, -1.425, 1750)
upgrade(-14.849, 2.350, -1.425, 4750)
upgrade(-14.849, 2.350, -1.425, 9500)
place(-11.913, 1.000, -0.426, "Cowboy", 600)
upgrade(-11.913, 2.350, -0.426, 150)
upgrade(-11.913, 2.350, -0.426, 600)
upgrade(-11.913, 2.350, -0.426, 1750)
upgrade(-11.913, 2.350, -0.426, 4750)
upgrade(-11.913, 2.350, -0.426, 9500)
upgrade(-11.913, 2.350, -0.426, 645606)
